5	5	5	5	5	4	4	4	8	7	0	0	0	0	4	0
0	5	5	5	5	4	4	4	8	7	0	8	0	0	4	0
0	0	0	0	0	0	0	0	0	0	0	0	0	0	0	0
0	0	5	5	5	4	4	4	8	7	0	8	0	0	0	0
0	5	5	5	5	4	4	4	8	7	0	8	0	0	4	0
0	5	5	5	5	4	4	4	8	7	0	8	0	0	4	0
0	5	5	5	4	4	0	4	8	7	0	5	0	0	2	0
0	5	5	5	5	4	4	4	8	7	0	8	0	0	4	0
0	5	5	5	4	4	4	4	8	7	0	8	0	0	4	0
0	5	5	5	5	4	4	4	8	7	0	8	0	0	4	0
0	5	5	5	5	4	4	4	8	7	0	8	2	2	4	0
0	5	5	5	5	4	4	4	8	7	0	8	2	2	4	0															
0	5	5	5	4	4	6	4	8	7	0	8	0	0	4	0
0	5	5	5	5	4	4	4	8	7	0	8	0	0	4	0															
0	5	5	5	5	4	4	4	8	7	0	8	2	2	4	0
0	5	5	5	5	4	4	4	8	7	0	8	2	2	4	0															
0	5	5	5	5	4	4	4	8	7	0	8	0	0	4	0
0	5	5	5	5	4	4	4	8	7	0	8	0	0	4	0
0	5	5	5	4	4	4	4	8	7	0	8	0	0	4	0
0	5	5	5	5	4	4	4	8	7	0	8	0	0	4	0															
0	5	5	5	4	4	4	4	8	7	0	8	0	0	4	0
0	5	5	5	5	4	4	4	8	7	0	8	0	0	4	0															
2	5	5	5	4	4	4	4	8	7	0	8	0	0	4	0
0	5	5	5	5	4	4	4	8	7	0	8	0	0	4	0															
4	5	5	5	4	4	4	4	8	7	0	8	0	0	4	0
0	5	5	5	5	4	4	4	8	7	0	8	0	0	4	0															
5	5	5	5	5	4	4	4	8	7	0	8	0	0	4	0
0	5	5	5	5	4	4	4	8	7	0	8	0	0	4	0															
5	5	5	5	4	4	0	4	8	7	0	0	0	0	0	0
0	5	5	5	5	4	4	4	8	7	0	8	0	0	4	0															
0	5	5	5	5	4	4	4	8	7	0	8	0	0	4	0
0	5	5	5	5	4	4	4	8	7	0	8	2	2	4	0															
3	5	5	5	3	2	3	3	5	7	0	4	0	0	3	0
0	5	2	5	5	4	4	4	8	7	0	8	0	0	4	0															
3	5	5	5	3	4	3	4	8	7	0	6	0	0	2	0
0	5	5	5	5	4	4	4	8	7	0	8	0	0	4	0															
0	5	5	5	5	4	4	4	8	7	0	8	2	1	4	0
0	5	5	5	5	4	4	4	8	7	0	8	2	2	4	2															
0	5	5	5	4	4	4	4	8	7	0	8	0	0	4	0
0	5	5	5	5	4	4	4	8	7	0	8	0	0	4	0															
0	5	5	5	4	4	4	4	8	7	0	8	0	0	4	0
0	5	5	5	5	4	4	4	8	7	0	8	0	0	4	0															
0	5	5	5	4	4	4	4	8	7	0	8	0	0	4	0
0	5	5	5	5	4	4	4	8	7	0	8	0	0	4	0															
0	5	5	5	4	4	4	4	8	7	0	8	2	0	4	0
0	5	5	5	5	4	4	4	8	7	0	8	2	0	4	0															
5	5	5	5	4	0	0	4	8	7	0	8	0	0	4	0
0	5	2	5	5	4	4	4	8	7	0	8	0	0	4	0
0	5	5	5	5	0	4	4	8	7	0	8	0	2	0	0
0	5	5	5	5	4	4	4	8	7	0	8	0	0	4	0
0	5	5	5	4	4	4	4	7	7	0	8	2	0	4	0
0	5	2	5	5	4	4	4	8	7	0	8	2	0	4	0															
0	5	5	5	5	4	4	4	8	7	0	8	0	0	4	0
0	5	5	5	5	4	4	4	8	7	0	8	0	0	4	0															
0	5	5	5	4	4	4	4	7	6	1	7	1	1	3	0
0	5	5	5	5	4	4	4	8	7	0	8	0	0	4	0															
0	5	5	5	3	3	3	4	8	7	0	8	0	0	4	0
0	5	5	5	5	4	4	4	8	7	0	8	0	0	4	0															
5	5	5	5	5	3	2	3	8	7	1	8	1	1	1	1
0	5	5	5	5	4	4	4	8	7	0	8	0	0	4	0
0	5	5	5	5	4	4	4	8	7	0	8	0	0	4	0
0	5	5	5	5	4	4	4	8	7	0	8	0	0	4	2															
0	5	5	5	4	4	4	4	8	7	0	8	0	0	4	0
0	5	5	5	5	4	4	4	8	7	0	8	0	0	4	0															
0	5	5	5	5	5	6	4	8	7	2	8	2	2	4	2
0	5	5	5	5	5	6	4	8	7	2	8	2	2	4	2															
0	5	5	5	4	4	0	0	8	7	0	0	2	0	0	0
0	5	5	5	5	4	4	4	8	7	0	8	0	0	4	0															
0	5	5	5	4	4	4	4	8	7	0	8	0	0	4	0
0	5	5	5	5	4	4	4	8	7	0	8	0	0	4	0															
0	0	0	0	0	0	0	0	0	0	0	0	0	0	0	0
0	0	5	5	5	4	4	4	8	7	0	8	0	0	0	0															
5	5	5	5	5	5	6	4	8	7	2	8	2	2	4	2
0	5	2	5	5	4	4	4	8	7	0	8	0	0	4	0															
4	5	5	5	4	4	4	4	8	7	0	8	0	0	4	0															
0	5	5	5	5	4	4	4	8	7	0	8	0	0	4	2
0	5	5	5	4	4	4	4	8	7	0	8	0	0	4	0
0	5	5	5	5	4	4	4	8	7	0	8	0	0	4	0
5	5	5	5	5	5	6	4	8	7	2	8	2	2	0	0
0	5	2	5	5	4	4	4	8	7	0	8	0	0	4	0
0	5	5	5	4	4	4	4	8	7	0	8	0	0	4	0
0	5	2	5	5	4	4	4	8	7	0	8	0	0	4	0															
0	5	5	5	4	0	0	2	8	7	0	8	0	0	4	0
0	5	5	5	5	4	4	4	8	7	0	8	0	0	4	0															
0	5	5	5	4	5	4	4	8	7	0	8	0	0	4	0
0	5	5	5	5	4	4	4	8	7	0	8	0	0	4	0															
5	5	5	5	5	5	5	4	8	7	0	8	0	0	0	0
0	5	5	5	5	4	4	4	8	7	0	8	0	0	4	0															
0	5	5	5	4	4	4	4	8	7	0	8	0	0	4	0
0	5	5	5	5	4	4	4	8	7	0	8	0	0	4	0															
0	5	5	5	4	4	4	4	8	7	0	8	0	0	4	0
0	5	2	5	5	4	4	4	8	7	0	8	0	0	4	0															
0	5	5	5	5	4	4	4	8	7	0	8	0	0	4	0
0	5	5	5	5	4	4	4	8	7	0	8	0	0	4	0															
0	5	5	5	4	4	4	4	8	7	0	8	0	0	4	0
0	5	5	5	5	4	4	4	8	7	0	8	0	0	4	0
0	5	5	5	4	4	4	4	8	7	0	8	0	0	4	0
0	5	5	5	5	4	4	4	8	7	0	8	0	0	4	0															
0	5	5	5	4	4	4	4	8	7	0	8	0	0	4	0
0	5	5	5	5	4	4	4	8	7	0	8	0	0	4	0															
0	5	5	5	4	4	4	4	8	7	0	8	0	0	4	0
0	5	5	5	5	4	4	4	8	7	0	8	0	0	4	0															
0	5	5	5	4	0	0	4	8	7	0	8	0	0	4	0
0	5	5	5	5	4	4	4	8	7	0	8	0	0	4	0															
0	5	5	5	0	0	2	4	8	7	0	0	2	2	0	0
0	5	5	5	5	4	4	4	8	7	0	8	0	0	4	0															
0	5	5	5	5	5	4	4	8	7	0	0	0	0	0	0
0	5	5	5	5	4	4	4	8	7	0	8	0	0	4	0															
0	5	5	5	4	4	4	4	8	7	0	8	0	0	4	0
0	5	5	5	5	4	4	4	8	7	0	8	0	0	4	0															
0	5	5	5	5	4	4	4	8	7	0	8	0	0	4	0
0	5	5	5	5	4	4	4	8	7	0	8	0	0	4	0															
0	5	5	5	5	4	4	4	8	7	0	8	0	0	4	2
0	5	5	5	5	4	4	4	8	7	0	8	0	0	4	2
0	5	5	5	0	4	0	4	8	7	0	0	0	0	4	0
0	5	5	5	5	4	4	4	8	7	0	8	0	0	4	0															
2	5	5	5	5	5	6	4	8	7	1	8	2	2	4	0
0	5	5	5	5	4	4	4	8	7	0	8	2	0	4	0
0	5	5	5	4	4	4	4	8	7	0	8	0	0	4	0
0	5	2	5	5	4	4	4	8	7	0	8	0	0	4	0															
0	5	5	5	4	4	4	4	8	7	0	8	2	2	4	0
0	5	5	5	5	4	4	4	8	7	0	8	2	2	4	0															
0	5	5	5	4	4	4	4	8	7	0	8	0	0	4	0
0	5	5	5	5	4	4	4	8	7	0	8	0	0	4	0															
3	5	5	5	4	4	4	4	8	7	0	6	1	1	3	0
0	5	5	5	5	4	4	4	8	7	0	8	0	0	4	2
0	5	5	5	4	4	4	4	8	7	0	8	2	0	4	2
0	5	5	5	5	4	4	4	8	7	0	8	2	0	4	0															
0	5	5	5	4	4	4	4	8	7	0	8	0	0	4	0
0	5	5	5	5	4	4	4	8	7	0	8	0	0	4	0															
0	5	5	5	4	4	4	4	8	7	0	8	0	0	4	0
0	5	5	5	5	4	4	4	8	7	0	8	0	0	4	0															
0	5	5	5	4	4	4	4	8	7	0	8	0	0	4	0
0	5	5	5	5	4	4	4	8	7	0	8	0	0	4	0															